newDataset/104_OFF_2_20181031_173628.BMP 0 7.992 30.0 -56.0
newDataset/104_OFF_4_20181031_173921.BMP 0 7.997 30.0 -58.0
newDataset/103_OFF_2_20181102_084723.BMP 0 8.0 56.4 -32.0
newDataset/103_OFF_4_20181102_085018.BMP 0 8.0 58.0 -28.0
newDataset/102_OFF_2_20181102_090016.BMP 0 4.377 55.1 -26.4219
newDataset/102_OFF_4_20181102_090312.BMP 0 8.0 57.9 -23.8047
newDataset/105_OFF_2_20181031_163423.BMP 0 0.007704 0.03 -0.0549297
newDataset/105_OFF_4_20181031_164012.BMP 0 0.007997 0.02 -0.0688594
newDataset/23_OFF_2_20190507_200720.BMP 0 1.26 0.0 -36.9063
newDataset/23_OFF_4_20190507_201049.BMP 0 1.088 0.0 -39.2578
newDataset/23_OFF_6_20190507_201417.BMP 0 0.987 -5.0 -40.9297
newDataset/23_OFF_8_20190507_201809.BMP 0 1.259 -5.0 -39.9766
newDataset/23_OFF_10_20190507_202134.BMP 0 1.088 0.0 -39.3672
newDataset/23_OFF_12_20190507_202502.BMP 0 7.734 -10.0 -41.7813
newDataset/15_OFF_2_20181214_194147.BMP 0 1.335 0.0 -30.0469
newDataset/15_OFF_4_20181214_194455.BMP 0 1.333 0.0 -27.8281
newDataset/12_OFF_2_20181207_093313.BMP 0 1.189 0.0 12.2813
newDataset/12_OFF_4_20181207_093620.BMP 0 1.317 0.0 7.0469
newDataset/79_OFF_2_20181102_094429.BMP 0 4.627 54.7 -24.8047
newDataset/79_OFF_4_20181102_094835.BMP 0 7.979 57.8 -24.9219
newDataset/79_OFF_6_20181102_095146.BMP 0 7.999 59.3 -23.7813
newDataset/79_OFF_8_20181102_095541.BMP 0 6.868 60.0 -23.2578
newDataset/79_OFF_10_20181102_095838.BMP 0 7.901 59.9 -23.0938
newDataset/79_OFF_12_20181102_100155.BMP 0 7.999 59.1 -23.4219
newDataset/46_OFF_2_20181214_113339.BMP 0 -1.906 -250.0 -251.9297
newDataset/46_OFF_4_20181214_113653.BMP 0 -1.906 -250.0 -251.9297
newDataset/41_OFF_2_20181123_182105.BMP 0 8.0 -16.7 -52.1875
newDataset/41_OFF_4_20181123_182352.BMP 0 8.0 -15.3 -52.4297
newDataset/41_OFF_6_20181123_182638.BMP 0 8.0 -17.3 -52.5469
newDataset/41_OFF_8_20181123_182943.BMP 0 7.994 -19.4 -51.2109
newDataset/41_OFF_10_20181123_183229.BMP 0 7.985 -19.6 -52.5938
newDataset/41_OFF_12_20181123_183516.BMP 0 7.85 -20.0 -51.8359
newDataset/48_OFF_2_20181207_095058.BMP 0 1.151 -60.0 -91.9688
newDataset/48_OFF_4_20181207_095409.BMP 0 1.134 -70.0 -95.7109
newDataset/77_OFF_2_20181102_152310.BMP 0 8.0 39.4 -42.9219
newDataset/77_OFF_4_20181102_152538.BMP 0 7.83 40.0 -42.0859
newDataset/77_OFF_6_20181102_152806.BMP 0 7.997 38.5 -42.9609
newDataset/77_OFF_8_20181102_153049.BMP 0 7.768 40.0 -41.7969
newDataset/77_OFF_10_20181102_153317.BMP 0 4.59 40.0 -40.9453
newDataset/77_OFF_12_20181102_153545.BMP 0 4.449 40.0 -40.8906
newDataset/83_OFF_2_20190524_135451.BMP 0 1.455 0.0 -32.6797
newDataset/83_OFF_4_20190524_135814.BMP 0 1.243 0.0 -33.8828
newDataset/83_OFF_6_20190524_140138.BMP 0 1.109 0.0 -33.7734
newDataset/83_OFF_8_20190524_140525.BMP 0 1.416 0.0 -32.2109
newDataset/83_OFF_10_20190524_140848.BMP 0 1.25 0.0 -31.7656
newDataset/83_OFF_12_20190524_141211.BMP 0 1.151 0.0 -32.9922
newDataset/84_OFF_2_20190524_133333.BMP 0 1.262 0.0 -35.7031
newDataset/84_OFF_4_20190524_133656.BMP 0 1.114 -5.0 -43.4453
newDataset/84_OFF_6_20190524_134019.BMP 0 0.978 -10.0 -47.9141
newDataset/84_OFF_8_20190524_134406.BMP 0 1.294 0.0 -34.6328
newDataset/84_OFF_10_20190524_134730.BMP 0 1.09 0.0 -36.4219
newDataset/84_OFF_12_20190524_135053.BMP 0 0.989 0.0 -38.1875
newDataset/70_OFF_2_20181129_184031.BMP 0 1.345 60.0 29.5703
newDataset/70_OFF_4_20181129_184313.BMP 0 1.189 60.0 26.7656
newDataset/70_OFF_6_20181129_184555.BMP 0 1.072 60.0 23.8906
newDataset/70_OFF_8_20181129_184856.BMP 0 1.356 58.5 24.7813
newDataset/70_OFF_10_20181129_185138.BMP 0 1.199 57.3 23.6875
newDataset/70_OFF_12_20181129_185420.BMP 0 1.072 55.2 23.7656
newDataset/13_OFF_2_20181205_084307.BMP 0 1.235 0.0 -36.6719
newDataset/13_OFF_4_20181205_084622.BMP 0 1.236 0.0 -28.1328
newDataset/14_OFF_2_20181125_180113.BMP 0 1.292 0.0 -33.1719
newDataset/14_OFF_4_20181125_180425.BMP 0 1.295 0.0 -31.6172
newDataset/22_OFF_2_20190509_172301.BMP 0 1.311 20.0 -24.5547
newDataset/22_OFF_4_20190509_172629.BMP 0 1.12 0.0 -37.4531
newDataset/22_OFF_6_20190509_172957.BMP 0 1.006 -10.0 -51.4141
newDataset/22_OFF_8_20190509_173348.BMP 0 1.334 -15.0 -59.4531
newDataset/22_OFF_10_20190509_173716.BMP 0 1.142 -20.0 -65.8281
newDataset/22_OFF_12_20190509_174044.BMP 0 1.009 -30.0 -71.5156
newDataset/25_OFF_2_20190429_190009.BMP 0 1.328 25.0 -12.6094
newDataset/25_OFF_4_20190429_190329.BMP 0 1.147 25.0 -13.8125
newDataset/25_OFF_6_20190429_190649.BMP 0 7.889 20.0 -13.8516
newDataset/25_OFF_8_20190429_191031.BMP 0 7.811 20.0 -12.3125
newDataset/25_OFF_10_20190429_191351.BMP 0 6.99 20.0 -12.9766
newDataset/25_OFF_12_20190429_191711.BMP 0 3.378 20.0 -12.7578
newDataset/71_OFF_2_20181117_150946.BMP 0 4.817 50.0 -30.5469
newDataset/71_OFF_4_20181117_151223.BMP 0 4.595 50.0 -30.1172
newDataset/71_OFF_6_20181117_151500.BMP 0 6.533 50.0 -31.0156
newDataset/71_OFF_8_20181117_151756.BMP 0 5.181 50.0 -32.25
newDataset/71_OFF_10_20181117_152033.BMP 0 4.675 50.0 -30.0234
newDataset/71_OFF_12_20181117_152310.BMP 0 4.561 50.0 -31.0391
newDataset/85_OFF_2_20190523_142857.BMP 0 1.275 15.0 -21.2109
newDataset/85_OFF_4_20190523_143225.BMP 0 1.232 10.0 -23.8906
newDataset/85_OFF_6_20190523_143554.BMP 0 0.986 10.0 -27.9297
newDataset/85_OFF_8_20190523_143949.BMP 0 1.278 0.0 -33.7422
newDataset/85_OFF_10_20190523_144317.BMP 0 1.091 0.0 -35.3438
newDataset/85_OFF_12_20190523_144642.BMP 0 0.973 0.0 -35.3047
newDataset/49_OFF_2_20181207_032849.BMP 0 1.13 -60.0 -89.8672
newDataset/49_OFF_4_20181207_033159.BMP 0 1.126 -60.0 -87.7891
newDataset/82_OFF_2_20181105_180026.BMP 0 4.688 30.0 -49.0547
newDataset/82_OFF_4_20181105_180250.BMP 0 4.47 30.0 -49.6875
newDataset/82_OFF_6_20181105_180514.BMP 0 4.339 30.0 -48.2266
newDataset/82_OFF_8_20181105_180753.BMP 0 4.602 30.0 -48.0
newDataset/82_OFF_10_20181105_181017.BMP 0 4.421 30.0 -47.4063
newDataset/82_OFF_12_20181105_181241.BMP 0 4.312 30.0 -48.6484
newDataset/76_OFF_2_20181110_104247.BMP 0 4.638 70.0 -5.8516
newDataset/76_OFF_4_20181110_104525.BMP 0 4.435 70.0 -5.1641
newDataset/76_OFF_6_20181110_104803.BMP 0 4.348 70.0 -7.375
newDataset/76_OFF_8_20181110_105052.BMP 0 4.579 70.0 -5.8672
newDataset/76_OFF_10_20181110_105325.BMP 0 6.804 70.0 -5.2031
newDataset/76_OFF_12_20181110_105559.BMP 0 5.626 70.0 -5.875
newDataset/40_OFF_2_20181123_204611.BMP 0 1.407 -10.0 -49.3359
newDataset/40_OFF_4_20181123_204853.BMP 0 4.138 -10.0 -49.8047
newDataset/40_OFF_6_20181123_205134.BMP 0 7.68 -10.0 -50.3359
newDataset/40_OFF_8_20181123_205434.BMP 0 7.944 -10.1 -49.1406
newDataset/40_OFF_10_20181123_205716.BMP 0 8.0 -11.9 -51.4063
newDataset/40_OFF_12_20181123_205957.BMP 0 7.985 -11.3 -51.1016
newDataset/78_OFF_2_20181102_125650.BMP 0 4.807 50.0 -31.3359
newDataset/78_OFF_4_20181102_125924.BMP 0 4.819 50.0 -32.1328
newDataset/78_OFF_6_20181102_130154.BMP 0 4.627 50.0 -31.875
newDataset/78_OFF_8_20181102_130442.BMP 0 7.838 50.0 -30.9531
newDataset/78_OFF_10_20181102_130713.BMP 0 6.327 50.0 -31.2031
newDataset/78_OFF_12_20181102_130945.BMP 0 7.952 49.9 -32.4375
newDataset/47_OFF_2_20181207_100009.BMP 0 1.121 -69.3 -95.5859
newDataset/47_OFF_4_20181207_100325.BMP 0 1.132 -68.0 -95.125
newDataset/65_OFF_2_20181122_202158.BMP 0 1.387 0.0 -31.6641
newDataset/65_OFF_4_20181122_202510.BMP 0 1.391 0.0 -31.4453
newDataset/91_OFF_2_20181207_104815.BMP 0 7.996 41.3 14.4844
newDataset/91_OFF_4_20181207_105123.BMP 0 7.983 41.1 14.0391
newDataset/62_OFF_2_20181126_124457.BMP 0 1.166 -110.0 -151.1641
newDataset/62_OFF_4_20181126_124810.BMP 0 1.226 -10.0 -44.7266
newDataset/54_OFF_2_20181205_081322.BMP 0 -1.906 -50.0 -54.0859
newDataset/54_OFF_4_20181205_081630.BMP 0 -1.906 -50.0 -53.3047
newDataset/53_OFF_2_20181205_082043.BMP 0 -1.906 -250.0 -251.9297
newDataset/53_OFF_4_20181205_082358.BMP 0 -1.906 -250.0 -251.9297
newDataset/98_OFF_2_20181112_201917.BMP 0 8.0 49.3 -34.3281
newDataset/98_OFF_4_20181112_202213.BMP 0 7.986 46.8 -32.5859
newDataset/38_OFF_2_20181125_160610.BMP 0 7.566 -10.0 -38.8516
newDataset/38_OFF_4_20181125_160855.BMP 0 1.284 -10.0 -41.9063
newDataset/38_OFF_6_20181125_161140.BMP 0 3.232 -10.0 -45.5781
newDataset/38_OFF_8_20181125_161445.BMP 0 7.346 -10.0 -44.2813
newDataset/38_OFF_10_20181125_161731.BMP 0 8.0 -12.1 -46.6797
newDataset/38_OFF_12_20181125_162016.BMP 0 7.999 -18.5 -46.7188
newDataset/7_OFF_2_20181214_080211.BMP 0 1.328 0.0 -29.1016
newDataset/7_OFF_4_20181214_080455.BMP 0 1.344 0.0 -29.625
newDataset/7_OFF_6_20181214_080738.BMP 0 1.047 0.0 -27.5156
newDataset/7_OFF_8_20181214_081040.BMP 0 1.328 0.1 -27.6328
newDataset/7_OFF_10_20181214_081324.BMP 0 1.152 0.0 -26.4219
newDataset/7_OFF_12_20181214_081607.BMP 0 1.031 0.0 -27.2891
newDataset/36_OFF_2_20181125_165820.BMP 0 7.993 -16.3 -47.0078
newDataset/36_OFF_4_20181125_170107.BMP 0 7.978 -11.0 -46.125
newDataset/31_OFF_2_20181214_080211.BMP 0 6.798 -10.0 -39.1016
newDataset/31_OFF_4_20181214_080455.BMP 0 1.344 -10.0 -39.625
newDataset/31_OFF_6_20181214_080738.BMP 0 7.997 -8.9 -37.5156
newDataset/31_OFF_8_20181214_081040.BMP 0 7.915 -9.3 -37.6328
newDataset/31_OFF_10_20181214_081324.BMP 0 7.939 -9.5 -36.4219
newDataset/31_OFF_12_20181214_081607.BMP 0 8.0 -8.4 -37.2891
newDataset/52_OFF_2_20181205_084307.BMP 0 1.235 -52.5 -86.6719
newDataset/52_OFF_4_20181205_084622.BMP 0 1.236 -56.9 -88.1328
newDataset/99_OFF_2_20181112_102435.BMP 0 4.594 50.0 -30.6719
newDataset/99_OFF_4_20181112_102731.BMP 0 4.499 50.0 -27.5781
newDataset/55_OFF_2_20181204_175708.BMP 0 1.199 -60.0 -91.1641
newDataset/55_OFF_4_20181204_180023.BMP 0 1.197 -60.0 -92.8828
newDataset/63_OFF_2_20181126_114516.BMP 0 1.132 -180.0 -219.9844
newDataset/63_OFF_4_20181126_114829.BMP 0 1.011 -250.0 -251.9297
newDataset/64_OFF_2_20181125_180113.BMP 0 1.292 -20.0 -53.1719
newDataset/64_OFF_4_20181125_180425.BMP 0 1.295 -20.0 -51.6172
newDataset/30_OFF_2_20190408_141328.BMP 0 8.0 -2560.0 0.0
newDataset/30_OFF_4_20190408_141651.BMP 0 8.0 -2560.0 0.0
newDataset/30_OFF_6_20190408_142015.BMP 0 8.0 -2560.0 0.0
newDataset/30_OFF_8_20190408_142401.BMP 0 8.0 -2560.0 0.0
newDataset/30_OFF_10_20190408_142724.BMP 0   
newDataset/8_OFF_2_20181129_201546.BMP 0 1.32 0.0 -35.1875
newDataset/8_OFF_4_20181129_201835.BMP 0 1.15 0.0 -33.3984
newDataset/8_OFF_6_20181129_202123.BMP 0 1.045 0.0 -33.8828
newDataset/8_OFF_8_20181129_202430.BMP 0 1.314 0.0 -30.9531
newDataset/8_OFF_10_20181129_202718.BMP 0 1.143 0.0 -32.6406
newDataset/8_OFF_12_20181129_203006.BMP 0 1.037 0.0 -31.5078
newDataset/37_OFF_2_20181125_163815.BMP 0 1.49 -10.0 -40.9141
newDataset/37_OFF_4_20181125_164101.BMP 0 1.271 -10.0 -41.7813
newDataset/37_OFF_6_20181125_164347.BMP 0 1.084 -10.0 -44.75
newDataset/37_OFF_8_20181125_164652.BMP 0 7.991 -10.8 -45.9922
newDataset/37_OFF_10_20181125_164938.BMP 0 8.0 -12.5 -46.0938
newDataset/37_OFF_12_20181125_165225.BMP 0 7.968 -19.7 -47.4844
newDataset/39_OFF_2_20181125_130105.BMP 0 6.701 -20.0 -20.5391
newDataset/39_OFF_4_20181125_130345.BMP 0 7.947 -19.9 -19.5547
newDataset/39_OFF_6_20181125_130627.BMP 0 7.873 -20.0 -19.5391
newDataset/39_OFF_8_20181125_130926.BMP 0 7.985 -19.9 -19.1484
newDataset/39_OFF_10_20181125_131208.BMP 0 7.985 -18.2 -18.8047
newDataset/39_OFF_12_20181125_131448.BMP 0 7.999 -19.7 -20.5
newDataset/6_OFF_2_20181125_160610.BMP 0 1.416 0.0 -28.8516
newDataset/6_OFF_4_20181125_160855.BMP 0 1.284 0.0 -31.9063
newDataset/6_OFF_6_20181125_161140.BMP 0 1.1032 0.0 -35.5781
newDataset/6_OFF_8_20181125_161445.BMP 0 1.291 0.0 -34.2813
newDataset/6_OFF_10_20181125_161731.BMP 0 1.119 0.0 -36.6797
newDataset/6_OFF_12_20181125_162016.BMP 0 1.103 0.0 -26.7188
newDataset/100_OFF_2_20181110_122833.BMP 0 4.411 75.8 -5.2422
newDataset/100_OFF_4_20181110_123126.BMP 0 4.359 77.9 -4.7734
newDataset/107_OFF_2_20181030_133436.BMP 0 -0.0357344  3.12009e-05
newDataset/107_OFF_4_20181030_133717.BMP 0 -0.0363828  2.99842e-05
newDataset/106_OFF_2_20181030_192854.BMP 0 0.05  
newDataset/106_OFF_4_20181030_193144.BMP 0 0.05  
newDataset/101_OFF_2_20181110_100012.BMP 0 4.515 70.0 -7.8594
newDataset/101_OFF_4_20181110_100319.BMP 0 4.454 70.0 -6.2813
newDataset/108_OFF_2_20181030_132251.BMP 0 -0.0298594  3.2412399999999995e-05
newDataset/108_OFF_4_20181030_132536.BMP 0 -0.0307969  3.11882e-05
newDataset/89_OFF_2_20181206_143036.BMP 0 1.301 50.0 3.7109
newDataset/89_OFF_4_20181206_143342.BMP 0 1.128 50.0 18.9063
newDataset/42_OFF_2_20181122_174119.BMP 0 8.0 -20.0 -58.6172
newDataset/42_OFF_4_20181122_174405.BMP 0 8.0 2.8 -29.8984
newDataset/42_OFF_6_20181122_174650.BMP 0 8.0 0.1 -31.5234
newDataset/42_OFF_8_20181122_174955.BMP 0 6.129 0.0 -28.6953
newDataset/42_OFF_10_20181122_175240.BMP 0 8.0 0.7 -29.0469
newDataset/42_OFF_12_20181122_175526.BMP 0 8.0 0.3 -29.6797
newDataset/45_OFF_2_20181214_114934.BMP 0 1.178 10.0 -22.3984
newDataset/45_OFF_4_20181214_115243.BMP 0 1.19 10.0 -20.125
newDataset/74_OFF_2_20181113_211731.BMP 0 7.924 49.7 -32.5547
newDataset/74_OFF_4_20181113_212007.BMP 0 7.87 50.0 -33.1094
newDataset/74_OFF_6_20181113_212243.BMP 0 7.987 48.4 -32.3516
newDataset/74_OFF_8_20181113_212537.BMP 0 7.141 50.0 -31.6484
newDataset/74_OFF_10_20181113_212813.BMP 0 7.415 50.0 -31.2969
newDataset/74_OFF_12_20181113_213049.BMP 0 6.776 50.0 -32.3359
newDataset/80_OFF_2_20181031_175901.BMP 0 7.997 30.0 -54.0
newDataset/80_OFF_4_20181031_180134.BMP 0 7.991 30.0 -52.0
newDataset/80_OFF_6_20181031_181010.BMP 0 7.99 30.0 -66.0
newDataset/80_OFF_8_20181031_181515.BMP 0 7.999 40.0 -64.0
newDataset/80_OFF_10_20181031_181748.BMP 0 7.999 30.0 -50.0
newDataset/80_OFF_12_20181031_182023.BMP 0 7.993 40.0 -50.0
newDataset/20_OFF_2_20181214_114934.BMP 0 1.178 0.0 -32.3984
newDataset/20_OFF_4_20181214_115243.BMP 0 1.19 0.0 -30.125
newDataset/27_OFF_2_20190425_142024.BMP 0 1.263 0.0 -37.5391
newDataset/27_OFF_4_20190425_142351.BMP 0 1.233 -10.0 -44.4453
newDataset/27_OFF_6_20190425_142717.BMP 0 7.689 -20.0 -53.1953
newDataset/27_OFF_8_20190425_143106.BMP 0 1.263 -20.0 -55.5547
newDataset/27_OFF_10_20190425_143433.BMP 0 1.101 -25.0 -59.9766
newDataset/27_OFF_12_20190425_143759.BMP 0 7.805 -30.0 -60.3516
newDataset/18_OFF_2_20181204_175708.BMP 0 1.199 0.0 -31.1641
newDataset/18_OFF_4_20181204_180023.BMP 0 1.197 0.0 -32.8828
newDataset/11_OFF_2_20181206_143800.BMP 0 1.3 0.0 15.1094
newDataset/11_OFF_4_20181206_144106.BMP 0 1.28 0.0 14.7422
newDataset/16_OFF_2_20181206_143519.BMP 0 1.082 0.0 -26.8906
newDataset/16_OFF_4_20181206_143836.BMP 0 1.079 0.0 -25.0859
newDataset/29_OFF_2_20190408_155203.BMP 0 1.339 -20.0 -56.3672
newDataset/29_OFF_4_20190408_155526.BMP 0 1.086 -20.0 -57.8906
newDataset/29_OFF_6_20190408_155848.BMP 0 0.991 -25.0 -61.8125
newDataset/29_OFF_8_20190408_160234.BMP 0 1.428 -30.0 -62.3438
newDataset/29_OFF_10_20190408_160556.BMP 0 1.246 -30.0 -62.5391
newDataset/29_OFF_12_20190408_160918.BMP 0 6.784 -30.0 -63.2891
newDataset/81_OFF_2_20181030_201212.BMP 0 0.05  
newDataset/81_OFF_4_20181030_201433.BMP 0 0.05  
newDataset/81_OFF_6_20181030_201652.BMP 0 0.05  
newDataset/81_OFF_8_20181030_201927.BMP 0 0.05  
newDataset/81_OFF_10_20181030_202145.BMP 0 0.05  
newDataset/81_OFF_12_20181030_202403.BMP 0 0.05  
newDataset/75_OFF_2_20181112_184406.BMP 0 4.666 40.0 -38.7969
newDataset/75_OFF_4_20181112_184638.BMP 0 4.476 40.0 -38.5078
newDataset/75_OFF_6_20181112_184909.BMP 0 4.336 40.0 -38.8984
newDataset/75_OFF_8_20181112_185200.BMP 0 4.557 40.0 -36.3984
newDataset/75_OFF_10_20181112_185431.BMP 0 4.396 40.0 -35.8047
newDataset/75_OFF_12_20181112_185703.BMP 0 4.259 40.0 -36.0313
newDataset/72_OFF_2_20181116_205906.BMP 0 4.788 50.0 -30.2813
newDataset/72_OFF_4_20181116_210143.BMP 0 4.617 50.0 -31.0547
newDataset/72_OFF_6_20181116_210420.BMP 0 4.483 50.0 -30.8281
newDataset/72_OFF_8_20181116_210716.BMP 0 4.726 50.0 -29.4063
newDataset/72_OFF_10_20181116_210953.BMP 0 4.619 50.0 -29.5547
newDataset/72_OFF_12_20181116_211230.BMP 0 4.456 50.0 -28.5625
newDataset/86_OFF_2_20190403_195209.BMP 0 1.268 -35.0 -72.0938
newDataset/86_OFF_4_20190403_195518.BMP 0 1.111 -35.0 -72.7188
newDataset/86_OFF_6_20190403_195827.BMP 0 0.992 -35.0 -72.8828
newDataset/86_OFF_8_20190403_200157.BMP 0 1.269 -35.0 -70.9688
newDataset/86_OFF_10_20190403_200506.BMP 0 1.102 -30.0 -69.6484
newDataset/86_OFF_12_20190403_200815.BMP 0 0.988 -35.0 -70.0625
newDataset/44_OFF_2_20181214_194147.BMP 0 1.335 10.0 -20.0469
newDataset/44_OFF_4_20181214_194455.BMP 0 1.333 10.0 -17.8281
newDataset/88_OFF_2_20181206_143800.BMP 0 1.3 50.0 20.1094
newDataset/88_OFF_4_20181206_144106.BMP 0 1.28 50.0 19.7422
newDataset/43_OFF_2_20190313_165329.BMP 0 8.0 -2560.0 0.0
newDataset/43_OFF_4_20190313_165712.BMP 0 8.0 -2560.0 0.0
newDataset/17_OFF_2_20181207_100009.BMP 0 1.121 0.0 -35.5859
newDataset/17_OFF_4_20181207_100325.BMP 0 1.132 0.0 -35.125
newDataset/28_OFF_2_20190424_192428.BMP 0 1.234 95.0 58.0469
newDataset/28_OFF_4_20190424_192749.BMP 0 1.053 90.0 56.2266
newDataset/28_OFF_6_20190424_193110.BMP 0 0.934 90.0 59.3281
newDataset/28_OFF_8_20190424_193453.BMP 0 1.208 90.0 58.1484
newDataset/28_OFF_10_20190424_193814.BMP 0 1.072 95.0 59.6563
newDataset/28_OFF_12_20190424_194135.BMP 0 0.953 95.0 57.6875
newDataset/10_OFF_2_20181129_201546.BMP 0 1.32 0.0 -35.1875
newDataset/10_OFF_4_20181129_201835.BMP 0 1.15 0.0 -33.3984
newDataset/10_OFF_6_20181129_202123.BMP 0 1.045 0.0 -33.8828
newDataset/10_OFF_8_20181129_202430.BMP 0 1.314 0.0 -30.9531
newDataset/10_OFF_10_20181129_202718.BMP 0 1.143 0.0 -32.6406
newDataset/10_OFF_12_20181129_203006.BMP 0 1.037 0.0 -31.5078
newDataset/26_OFF_2_20190425_215704.BMP 0 1.235 -30.0 -64.0234
newDataset/26_OFF_4_20190425_220024.BMP 0 1.181 -30.0 -64.8359
newDataset/26_OFF_6_20190425_220344.BMP 0 0.971 -30.0 -64.7813
newDataset/26_OFF_8_20190425_220727.BMP 0 1.24 -30.0 -63.6328
newDataset/26_OFF_10_20190425_221047.BMP 0 1.04 -30.0 -65.5234
newDataset/26_OFF_12_20190425_221407.BMP 0 0.966 -30.0 -64.5938
newDataset/19_OFF_2_20181126_130957.BMP 0 1.355 0.0 -32.0313
newDataset/19_OFF_4_20181126_131304.BMP 0 1.15 0.0 -35.0469
newDataset/21_OFF_2_20190514_132256.BMP 0 8.0 -2560.0 0.0
newDataset/21_OFF_4_20190514_132624.BMP 0 8.0 -2560.0 0.0
newDataset/21_OFF_6_20190514_132953.BMP 0 8.0 -2560.0 0.0
newDataset/21_OFF_8_20190514_133344.BMP 0 8.0 -2560.0 0.0
newDataset/21_OFF_10_20190514_133713.BMP 0 8.0 -2560.0 0.0
newDataset/21_OFF_12_20190514_134041.BMP 0 8.0 -2560.0 0.0
newDataset/3_OFF_2_20190509_172301.BMP 0 1.311 20.0 -24.5547
newDataset/3_OFF_4_20190509_172629.BMP 0 1.12 0.0 -37.4531
newDataset/3_OFF_6_20190509_172957.BMP 0 1.006 -10.0 -51.4141
newDataset/3_OFF_8_20190509_173348.BMP 0 1.334 -15.0 -59.4531
newDataset/3_OFF_10_20190509_173716.BMP 0 1.142 -20.0 -65.8281
newDataset/3_OFF_12_20190509_174044.BMP 0 1.009 -30.0 -71.5156
newDataset/4_OFF_2_20181213_141458.BMP 0 1.433 0.0 -29.6953
newDataset/4_OFF_4_20181213_141746.BMP 0 1.187 0.0 -32.7266
newDataset/4_OFF_6_20181213_142033.BMP 0 1.0435 0.0 -33.7344
newDataset/4_OFF_8_20181213_142340.BMP 0 1.292 0.0 -33.5547
newDataset/4_OFF_10_20181213_142628.BMP 0 1.125 0.0 -34.1641
newDataset/4_OFF_12_20181213_142916.BMP 0 1.1829 0.0 -26.3828
newDataset/32_OFF_2_20181213_141458.BMP 0 1.433 0.0 -29.6953
newDataset/32_OFF_4_20181213_141746.BMP 0 1.187 0.0 -32.7266
newDataset/32_OFF_6_20181213_142033.BMP 0 2.435 0.0 -33.7344
newDataset/32_OFF_8_20181213_142340.BMP 0 8.0 -2.2 -33.5547
newDataset/32_OFF_10_20181213_142628.BMP 0 8.0 -0.3 -34.1641
newDataset/32_OFF_12_20181213_142916.BMP 0 7.999 -9.4 -36.3828
newDataset/61_OFF_2_20181126_093856.BMP 0 -1.906 -10.0 -11.8594
newDataset/61_OFF_4_20181126_094202.BMP 0 -1.906 -10.0 -12.4766
newDataset/66_OFF_2_20190524_214520.BMP 0 1.412 0.0 -32.6406
newDataset/66_OFF_4_20190524_214841.BMP 0 1.202 0.0 -34.4844
newDataset/66_OFF_6_20190524_215203.BMP 0 1.126 0.0 -33.6016
newDataset/66_OFF_8_20190524_215549.BMP 0 1.417 0.0 -31.1172
newDataset/66_OFF_10_20190524_215911.BMP 0 1.279 0.0 -32.1797
newDataset/66_OFF_12_20190524_220233.BMP 0 1.143 0.0 -32.7656
newDataset/92_OFF_2_20181207_093313.BMP 0 1.189 50.0 17.2813
newDataset/92_OFF_4_20181207_093620.BMP 0 1.317 40.0 11.0469
newDataset/59_OFF_2_20181126_110156.BMP 0 1.02 -228.9 -251.9297
newDataset/59_OFF_4_20181126_110508.BMP 0 -1.906 -250.0 -251.9297
newDataset/50_OFF_2_20181206_143519.BMP 0 1.082 -60.0 -86.8906
newDataset/50_OFF_4_20181206_143836.BMP 0 1.079 -60.0 -85.0859
newDataset/57_OFF_2_20181126_130957.BMP 0 1.355 -10.0 -42.0313
newDataset/57_OFF_4_20181126_131304.BMP 0 7.24 -10.0 -45.0469
newDataset/68_OFF_2_20190524_184423.BMP 0 1.453 0.0 -32.8438
newDataset/68_OFF_4_20190524_184751.BMP 0 1.123 0.0 -34.6172
newDataset/68_OFF_6_20190524_185119.BMP 0 0.982 0.0 -36.9688
newDataset/68_OFF_8_20190524_185512.BMP 0 1.415 0.0 -32.1953
newDataset/68_OFF_10_20190524_185840.BMP 0 1.115 0.0 -33.8203
newDataset/68_OFF_12_20190524_190207.BMP 0 1.006 0.0 -33.6016
newDataset/34_OFF_2_20181129_201546.BMP 0 1.32 -60.0 -95.1875
newDataset/34_OFF_4_20181129_201835.BMP 0 1.15 -60.0 -93.3984
newDataset/34_OFF_6_20181129_202123.BMP 0 1.045 -60.0 -93.8828
newDataset/34_OFF_8_20181129_202430.BMP 0 1.314 -60.0 -90.9531
newDataset/34_OFF_10_20181129_202718.BMP 0 1.143 -60.0 -92.6406
newDataset/34_OFF_12_20181129_203006.BMP 0 1.037 -60.0 -91.5078
newDataset/33_OFF_2_20181213_094342.BMP 0 -1.906 0.0 -2.3359
newDataset/33_OFF_4_20181213_094624.BMP 0 -1.906 0.0 -2.3359
newDataset/33_OFF_6_20181213_094907.BMP 0 -1.906 0.0 -2.4609
newDataset/33_OFF_8_20181213_095209.BMP 0 -1.906 0.0 -2.2188
newDataset/33_OFF_10_20181213_095452.BMP 0 -1.906 0.0 -2.2734
newDataset/33_OFF_12_20181213_095735.BMP 0 -1.906 0.0 -2.5781
newDataset/5_OFF_2_20181129_184031.BMP 0 1.345 0.0 35.5703
newDataset/5_OFF_4_20181129_184313.BMP 0 1.189 0.0 32.7656
newDataset/5_OFF_6_20181129_184555.BMP 0 1.072 0.0 29.8906
newDataset/5_OFF_8_20181129_184856.BMP 0 1.356 0.0 30.7813
newDataset/5_OFF_10_20181129_185138.BMP 0 1.199 0.0 29.6875
newDataset/5_OFF_12_20181129_185420.BMP 0 1.072 0.0 29.7656
newDataset/56_OFF_2_20181204_075229.BMP 0 1.2 -70.0 -102.1719
newDataset/56_OFF_4_20181204_075543.BMP 0 1.194 -70.0 -102.4531
newDataset/69_OFF_2_20190524_143454.BMP 0 7.583 0.0 -31.2969
newDataset/69_OFF_4_20190524_143822.BMP 0 7.28 0.0 -31.3438
newDataset/69_OFF_6_20190524_144150.BMP 0 1.166 0.0 -32.0469
newDataset/69_OFF_8_20190524_144543.BMP 0 1.441 0.0 -33.1953
newDataset/69_OFF_10_20190524_144911.BMP 0 1.24 0.0 -32.2734
newDataset/69_OFF_12_20190524_145238.BMP 0 1.002 0.0 -34.4922
newDataset/51_OFF_2_20181206_140321.BMP 0 0.962 -190.0 -219.7422
newDataset/51_OFF_4_20181206_140632.BMP 0 0.955 -190.0 -219.1484
newDataset/93_OFF_2_20181207_005225.BMP 0 7.969 40.9 13.4922
newDataset/93_OFF_4_20181207_005526.BMP 0 7.976 40.8 14.5469
newDataset/67_OFF_2_20190524_205037.BMP 0 1.418 0.0 -31.7031
newDataset/67_OFF_4_20190524_205359.BMP 0 1.26 0.0 -33.7969
newDataset/67_OFF_6_20190524_205721.BMP 0 1.123 0.0 -33.8984
newDataset/67_OFF_8_20190524_210107.BMP 0 1.415 0.0 -31.3359
newDataset/67_OFF_10_20190524_210429.BMP 0 1.269 0.0 -31.5078
newDataset/67_OFF_12_20190524_210751.BMP 0 1.13 0.0 -31.8281
newDataset/58_OFF_2_20181126_112347.BMP 0 1.026 -240.0 -251.9297
newDataset/58_OFF_4_20181126_112659.BMP 0 -1.906 -250.0 -251.9297
newDataset/60_OFF_2_20181126_103843.BMP 0 -1.906 -10.0 -11.8672
newDataset/60_OFF_4_20181126_104155.BMP 0 -1.906 -10.0 -10.9453
newDataset/94_OFF_2_20181116_230430.BMP 0 7.999 49.7 -32.6875
newDataset/94_OFF_4_20181116_230732.BMP 0 4.654 50.0 -31.3047
newDataset/115_OFF_2_20181105_201841.BMP 0 4.528 30.0 -50.2969
newDataset/115_OFF_4_20181105_202125.BMP 0 4.461 30.0 -49.0391
newDataset/114_OFF_2_20181117_171513.BMP 0 7.973 41.1 -35.8047
newDataset/114_OFF_4_20181117_171814.BMP 0 7.955 40.2 -34.2891
newDataset/113_OFF_2_20181113_232240.BMP 0 4.533 50.0 -28.7578
newDataset/113_OFF_4_20181113_232541.BMP 0 4.517 50.0 -27.4766
